1 0.737351 0.492188 0.016369 0.035156
1 0.604911 0.273438 0.016369 0.035156
1 0.523065 0.663086 0.013393 0.029297
1 0.625744 0.779297 0.016369 0.035156
0 0.718750 0.473633 0.008929 0.021484
0 0.624256 0.293945 0.010417 0.021484
0 0.689732 0.456055 0.010417 0.021484
0 0.514881 0.688477 0.008929 0.021484
0 0.634673 0.547852 0.010417 0.021484
0 0.645833 0.770508 0.008929 0.021484
0 0.656994 0.824219 0.010417 0.023438
2 0.704613 0.429688 0.013393 0.035156
2 0.626488 0.516602 0.011905 0.029297
2 0.662202 0.855469 0.017857 0.042969
