1 0.711310 0.776367 0.020833 0.041016
1 0.665179 0.265625 0.020833 0.039062
1 0.671875 0.794922 0.013393 0.027344
1 0.572917 0.555664 0.014881 0.029297
1 0.726190 0.573242 0.014881 0.029297
1 0.709821 0.262695 0.017857 0.033203
0 0.738839 0.761719 0.010417 0.023438
0 0.659226 0.234375 0.011905 0.023438
0 0.653274 0.808594 0.011905 0.023438
0 0.592262 0.550781 0.011905 0.023438
0 0.777530 0.330078 0.010417 0.023438
0 0.717262 0.604492 0.011905 0.021484
0 0.696429 0.293945 0.011905 0.021484
0 0.584077 0.682617 0.010417 0.021484
2 0.780506 0.298828 0.019345 0.042969
2 0.571429 0.715820 0.017857 0.037109
