1 0.556548 0.365234 0.017857 0.023438
1 0.802827 0.554688 0.025298 0.035156
1 0.764137 0.616211 0.022321 0.029297
0 0.574405 0.374023 0.014881 0.021484
0 0.799851 0.791992 0.013393 0.021484
0 0.559524 0.201172 0.014881 0.019531
0 0.595238 0.308594 0.014881 0.019531
0 0.720982 0.208008 0.013393 0.021484
0 0.778274 0.562500 0.014881 0.019531
0 0.764137 0.656250 0.013393 0.019531
0 0.627976 0.365234 0.014881 0.019531
0 0.688988 0.581055 0.014881 0.021484
0 0.587798 0.767578 0.014881 0.019531
2 0.779762 0.791016 0.020833 0.031250
2 0.553571 0.168945 0.017857 0.025391
2 0.619048 0.329102 0.026786 0.041016
2 0.743304 0.219727 0.016369 0.025391
2 0.646577 0.358398 0.019345 0.029297
2 0.675595 0.610352 0.017857 0.025391
2 0.610119 0.761719 0.023810 0.035156
