1 0.544643 0.208984 0.026786 0.031250
1 0.573661 0.441406 0.028274 0.035156
0 0.552083 0.236328 0.014881 0.019531
0 0.559524 0.626953 0.014881 0.019531
0 0.598214 0.427734 0.014881 0.019531
0 0.836310 0.369141 0.014881 0.019531
0 0.750000 0.629883 0.014881 0.017578
0 0.839286 0.631836 0.014881 0.017578
0 0.630952 0.583008 0.014881 0.017578
0 0.644345 0.553711 0.014881 0.017578
2 0.582589 0.618164 0.025298 0.033203
2 0.817708 0.393555 0.019345 0.025391
2 0.749256 0.598633 0.028274 0.037109
2 0.822917 0.653320 0.026786 0.033203
2 0.607143 0.584961 0.026786 0.033203
2 0.645089 0.516602 0.025298 0.033203
