1 0.688988 0.713867 0.026786 0.044922
1 0.825893 0.291016 0.023810 0.042969
1 0.570685 0.779297 0.025298 0.042969
1 0.747024 0.425781 0.020833 0.035156
1 0.714286 0.863281 0.017857 0.031250
0 0.717262 0.727539 0.014881 0.025391
0 0.649554 0.265625 0.013393 0.023438
0 0.804315 0.270508 0.013393 0.025391
0 0.594494 0.790039 0.013393 0.025391
0 0.636161 0.811523 0.013393 0.025391
0 0.612351 0.367188 0.013393 0.023438
0 0.751488 0.459961 0.014881 0.025391
0 0.717262 0.833008 0.014881 0.025391
0 0.549107 0.858398 0.014881 0.025391
2 0.629464 0.261719 0.023810 0.042969
2 0.652530 0.846680 0.019345 0.037109
2 0.613095 0.333008 0.017857 0.033203
2 0.567708 0.867188 0.019345 0.035156
