1 0.825893 0.584961 0.026786 0.044922
1 0.801339 0.362305 0.025298 0.044922
1 0.667411 0.333008 0.025298 0.044922
1 0.704613 0.590820 0.016369 0.029297
1 0.712798 0.265625 0.017857 0.031250
1 0.624256 0.699219 0.022321 0.039062
1 0.755952 0.792969 0.026786 0.046875
1 0.622768 0.788086 0.016369 0.029297
1 0.587054 0.578125 0.019345 0.035156
1 0.735119 0.199219 0.017857 0.031250
1 0.599702 0.882812 0.017857 0.031250
1 0.581101 0.369141 0.019345 0.031250
1 0.779762 0.532227 0.020833 0.037109
1 0.654018 0.638672 0.019345 0.035156
1 0.620536 0.263672 0.017857 0.031250
1 0.766369 0.405273 0.026786 0.044922
1 0.656994 0.513672 0.016369 0.031250
1 0.598214 0.185547 0.020833 0.035156
0 0.848214 0.583008 0.011905 0.025391
0 0.598958 0.661133 0.013393 0.025391
0 0.804315 0.581055 0.013393 0.025391
0 0.786458 0.400391 0.013393 0.023438
0 0.768601 0.485352 0.013393 0.025391
0 0.715030 0.630859 0.013393 0.023438
0 0.689732 0.347656 0.013393 0.023438
0 0.847470 0.533203 0.013393 0.023438
0 0.726935 0.604492 0.013393 0.025391
0 0.719494 0.294922 0.013393 0.023438
0 0.618304 0.655273 0.013393 0.025391
0 0.750744 0.753906 0.013393 0.023438
0 0.627232 0.757812 0.013393 0.023438
0 0.726935 0.766602 0.013393 0.025391
0 0.584077 0.541016 0.013393 0.023438
0 0.747768 0.164062 0.013393 0.023438
0 0.618304 0.425781 0.013393 0.023438
0 0.590030 0.848633 0.013393 0.025391
0 0.587054 0.338867 0.013393 0.025391
0 0.759673 0.195312 0.013393 0.023438
0 0.758185 0.500000 0.013393 0.023438
0 0.834077 0.741211 0.013393 0.025391
0 0.656994 0.600586 0.013393 0.025391
0 0.601935 0.251953 0.013393 0.023438
0 0.742560 0.382812 0.011905 0.023438
0 0.671875 0.292969 0.013393 0.023438
0 0.762649 0.362305 0.013393 0.025391
0 0.648065 0.549805 0.013393 0.025391
0 0.581101 0.163086 0.013393 0.025391
2 0.607887 0.625977 0.016369 0.033203
2 0.792411 0.617188 0.016369 0.031250
2 0.784226 0.454102 0.020833 0.037109
2 0.732143 0.653320 0.020833 0.037109
2 0.822917 0.519531 0.020833 0.039062
2 0.736607 0.798828 0.017857 0.035156
2 0.595982 0.433594 0.022321 0.042969
2 0.758185 0.161133 0.019345 0.037109
2 0.831845 0.710938 0.020833 0.039062
2 0.747024 0.417969 0.023810 0.046875
2 0.693452 0.306641 0.023810 0.046875
