2 0.610037 0.682088 0.017100 0.035587
2 0.560967 0.546856 0.018587 0.037960
2 0.562454 0.310795 0.014126 0.028470
2 0.637175 0.489324 0.014870 0.029656
2 0.418216 0.391459 0.023048 0.045077
2 0.514126 0.540332 0.014126 0.029656
2 0.641264 0.554567 0.017100 0.034401
0 0.610409 0.709964 0.011896 0.022539
0 0.582900 0.533808 0.011896 0.023725
0 0.605204 0.297746 0.011896 0.023725
0 0.363941 0.663108 0.012639 0.023725
0 0.376952 0.596679 0.011896 0.023725
0 0.571004 0.284104 0.011896 0.022539
0 0.634201 0.463820 0.011896 0.023725
0 0.402230 0.355279 0.011896 0.022539
0 0.454275 0.639976 0.011896 0.022539
0 0.530112 0.798339 0.011896 0.023725
0 0.514498 0.519573 0.011896 0.023725
0 0.461338 0.285884 0.012639 0.023725
0 0.514498 0.564650 0.011896 0.023725
0 0.623792 0.542112 0.011896 0.023725
0 0.621561 0.615658 0.011896 0.023725
1 0.585874 0.288849 0.019331 0.036773
1 0.342007 0.689205 0.022305 0.042705
1 0.381784 0.565836 0.020074 0.037960
1 0.461338 0.669632 0.015613 0.029656
1 0.548699 0.793594 0.017844 0.033215
1 0.535688 0.530842 0.017100 0.032028
1 0.471375 0.325623 0.019331 0.036773
1 0.631227 0.652432 0.019331 0.035587
