2 0.601190 0.434570 0.023810 0.044922
2 0.627976 0.546875 0.020833 0.039062
2 0.512649 0.288086 0.022321 0.041016
2 0.509673 0.541992 0.022321 0.041016
2 0.516369 0.215820 0.023810 0.044922
2 0.502232 0.602539 0.019345 0.037109
2 0.622024 0.616211 0.017857 0.033203
2 0.415179 0.883789 0.026786 0.048828
2 0.483631 0.413086 0.017857 0.033203
0 0.587798 0.395508 0.014881 0.025391
0 0.619048 0.506836 0.014881 0.025391
0 0.515625 0.250977 0.013393 0.025391
0 0.618304 0.588867 0.013393 0.025391
0 0.335565 0.541992 0.013393 0.025391
0 0.414435 0.561523 0.013393 0.025391
0 0.535714 0.526367 0.014881 0.025391
0 0.502976 0.170898 0.014881 0.025391
0 0.523810 0.577148 0.014881 0.025391
0 0.625744 0.651367 0.013393 0.025391
0 0.420387 0.837891 0.013393 0.023438
0 0.500000 0.403320 0.014881 0.025391
0 0.552827 0.261719 0.013393 0.023438
1 0.635417 0.584961 0.017857 0.029297
1 0.356399 0.538086 0.019345 0.033203
1 0.433780 0.557617 0.016369 0.029297
1 0.521577 0.166016 0.025298 0.042969
1 0.568452 0.292969 0.017857 0.031250
