2 0.390658 0.709000 0.014154 0.034000
2 0.500708 0.726500 0.012031 0.029000
2 0.426752 0.443500 0.014154 0.033000
2 0.634820 0.510000 0.015570 0.038000
2 0.438429 0.415000 0.017693 0.042000
2 0.580326 0.834000 0.015570 0.038000
2 0.419674 0.756000 0.014154 0.034000
2 0.469922 0.462000 0.015570 0.038000
2 0.524770 0.462000 0.016277 0.038000
2 0.332979 0.699500 0.017693 0.043000
2 0.380396 0.618000 0.013447 0.032000
2 0.467445 0.268500 0.016277 0.041000
2 0.546355 0.308000 0.011323 0.028000
2 0.372611 0.767500 0.013447 0.031000
2 0.413659 0.454000 0.014862 0.036000
0 0.377565 0.689500 0.009200 0.021000
0 0.496461 0.701000 0.009200 0.022000
0 0.410474 0.429000 0.009908 0.022000
0 0.614650 0.512000 0.009200 0.022000
0 0.367657 0.444000 0.009200 0.022000
0 0.573602 0.300500 0.009200 0.021000
0 0.418613 0.399000 0.009200 0.022000
0 0.362703 0.615000 0.009200 0.022000
0 0.578556 0.808000 0.009200 0.022000
0 0.437721 0.757000 0.009200 0.022000
0 0.474522 0.492000 0.009200 0.022000
0 0.558033 0.506000 0.009200 0.022000
0 0.384643 0.481000 0.009200 0.022000
0 0.547063 0.460000 0.009908 0.022000
0 0.354919 0.688000 0.009200 0.022000
0 0.370488 0.646000 0.009200 0.022000
0 0.456829 0.292500 0.009200 0.021000
0 0.347134 0.561000 0.009200 0.022000
0 0.539632 0.337000 0.009200 0.022000
0 0.370134 0.738000 0.009908 0.022000
0 0.389243 0.456000 0.009908 0.022000
0 0.502831 0.269000 0.009200 0.022000
1 0.355980 0.465000 0.014154 0.032000
1 0.590234 0.308500 0.015570 0.035000
1 0.355626 0.644500 0.013447 0.029000
1 0.578556 0.503000 0.019108 0.042000
1 0.392427 0.518500 0.019108 0.041000
1 0.358811 0.534500 0.015570 0.035000
1 0.527601 0.269500 0.016277 0.037000
